1.900000000000000000e+01 1.319999999999999929e+01 5.799999999999999822e+00 0.000000000000000000e+00 8.473684210526315486e-01 9.465297647235122458e-01
1.900000000000000000e+01 1.359999999999999964e+01 5.400000000000000355e+00 0.000000000000000000e+00 8.578947368421052655e-01 9.465297647235122458e-01
1.900000000000000000e+01 1.400000000000000000e+01 5.000000000000000000e+00 0.000000000000000000e+00 8.684210526315789824e-01 9.465297647235122458e-01
1.900000000000000000e+01 1.500000000000000000e+01 4.000000000000000000e+00 0.000000000000000000e+00 8.947368421052630527e-01 9.465297647235122458e-01
1.880000000000000071e+01 1.639999999999999858e+01 2.600000000000000089e+00 2.000000000000000111e-01 9.263157894736842035e-01 9.465297647235122458e-01
1.780000000000000071e+01 1.760000000000000142e+01 1.399999999999999911e+00 1.199999999999999956e+00 9.315789473684210620e-01 9.465297647235122458e-01
1.780000000000000071e+01 1.860000000000000142e+01 4.000000000000000222e-01 1.199999999999999956e+00 9.578947368421051323e-01 9.465297647235122458e-01
1.780000000000000071e+01 1.880000000000000071e+01 2.000000000000000111e-01 1.199999999999999956e+00 9.631578947368421018e-01 9.465297647235122458e-01
1.760000000000000142e+01 1.900000000000000000e+01 0.000000000000000000e+00 1.399999999999999911e+00 9.631578947368421018e-01 9.465297647235122458e-01
1.680000000000000071e+01 1.900000000000000000e+01 0.000000000000000000e+00 2.200000000000000178e+00 9.421052631578946679e-01 9.465297647235122458e-01
1.580000000000000071e+01 1.900000000000000000e+01 0.000000000000000000e+00 3.200000000000000178e+00 9.157894736842104866e-01 9.465297647235122458e-01
1.580000000000000071e+01 1.900000000000000000e+01 0.000000000000000000e+00 3.200000000000000178e+00 9.157894736842104866e-01 9.465297647235122458e-01
1.580000000000000071e+01 1.900000000000000000e+01 0.000000000000000000e+00 3.200000000000000178e+00 9.157894736842104866e-01 9.465297647235122458e-01
1.440000000000000036e+01 1.900000000000000000e+01 0.000000000000000000e+00 4.599999999999999645e+00 8.789473684210526994e-01 9.465297647235122458e-01
1.359999999999999964e+01 1.900000000000000000e+01 0.000000000000000000e+00 5.400000000000000355e+00 8.578947368421051545e-01 9.465297647235122458e-01
