1.900000000000000000e+01 1.486666666666666714e+01 4.133333333333333748e+00 0.000000000000000000e+00 8.912280701754385914e-01 9.543015815608260066e-01
1.900000000000000000e+01 1.553333333333333321e+01 3.466666666666666785e+00 0.000000000000000000e+00 9.087719298245614530e-01 9.543015815608260066e-01
1.866666666666666785e+01 1.593333333333333357e+01 3.066666666666666874e+00 3.333333333333333148e-01 9.105263157894736281e-01 9.543015815608260066e-01
1.866666666666666785e+01 1.626666666666666572e+01 2.733333333333333393e+00 3.333333333333333148e-01 9.192982456140351699e-01 9.543015815608260066e-01
1.826666666666666572e+01 1.660000000000000142e+01 2.399999999999999911e+00 7.333333333333332815e-01 9.175438596491228838e-01 9.543015815608260066e-01
1.773333333333333428e+01 1.793333333333333357e+01 1.066666666666666652e+00 1.266666666666666607e+00 9.385964912280703176e-01 9.543015815608260066e-01
1.706666666666666643e+01 1.839999999999999858e+01 5.999999999999999778e-01 1.933333333333333348e+00 9.333333333333333481e-01 9.543015815608260066e-01
1.706666666666666643e+01 1.866666666666666785e+01 3.333333333333333148e-01 1.933333333333333348e+00 9.403508771929823817e-01 9.543015815608260066e-01
1.593333333333333357e+01 1.900000000000000000e+01 0.000000000000000000e+00 3.066666666666666874e+00 9.192982456140351699e-01 9.543015815608260066e-01
1.546666666666666679e+01 1.900000000000000000e+01 0.000000000000000000e+00 3.533333333333333215e+00 9.070175438596491668e-01 9.543015815608260066e-01
1.513333333333333286e+01 1.900000000000000000e+01 0.000000000000000000e+00 3.866666666666666696e+00 8.982456140350876250e-01 9.543015815608260066e-01
1.459999999999999964e+01 1.900000000000000000e+01 0.000000000000000000e+00 4.400000000000000355e+00 8.842105263157894468e-01 9.543015815608260066e-01
1.326666666666666750e+01 1.900000000000000000e+01 0.000000000000000000e+00 5.733333333333333393e+00 8.491228070175438347e-01 9.543015815608260066e-01
1.326666666666666750e+01 1.900000000000000000e+01 0.000000000000000000e+00 5.733333333333333393e+00 8.491228070175438347e-01 9.543015815608260066e-01
1.240000000000000036e+01 1.900000000000000000e+01 0.000000000000000000e+00 6.599999999999999645e+00 8.263157894736842257e-01 9.543015815608260066e-01
0.000000000000000000e+00 0.000000000000000000e+00 0.000000000000000000e+00 0.000000000000000000e+00 0.000000000000000000e+00 0.000000000000000000e+00
0.000000000000000000e+00 0.000000000000000000e+00 0.000000000000000000e+00 0.000000000000000000e+00 0.000000000000000000e+00 0.000000000000000000e+00
0.000000000000000000e+00 0.000000000000000000e+00 0.000000000000000000e+00 0.000000000000000000e+00 0.000000000000000000e+00 0.000000000000000000e+00
0.000000000000000000e+00 0.000000000000000000e+00 0.000000000000000000e+00 0.000000000000000000e+00 0.000000000000000000e+00 0.000000000000000000e+00
0.000000000000000000e+00 0.000000000000000000e+00 0.000000000000000000e+00 0.000000000000000000e+00 0.000000000000000000e+00 0.000000000000000000e+00
