1.900000000000000000e+01 1.419999999999999929e+01 4.799999999999999822e+00 0.000000000000000000e+00 8.736842105263157299e-01 9.528067479213021551e-01
1.900000000000000000e+01 1.500000000000000000e+01 4.000000000000000000e+00 0.000000000000000000e+00 8.947368421052631637e-01 9.528067479213021551e-01
1.900000000000000000e+01 1.540000000000000036e+01 3.600000000000000089e+00 0.000000000000000000e+00 9.052631578947367696e-01 9.528067479213021551e-01
1.880000000000000071e+01 1.580000000000000071e+01 3.200000000000000178e+00 2.000000000000000111e-01 9.105263157894736281e-01 9.528067479213021551e-01
1.860000000000000142e+01 1.619999999999999929e+01 2.799999999999999822e+00 4.000000000000000222e-01 9.157894736842104866e-01 9.528067479213021551e-01
1.819999999999999929e+01 1.780000000000000071e+01 1.199999999999999956e+00 8.000000000000000444e-01 9.473684210526315264e-01 9.528067479213021551e-01
1.760000000000000142e+01 1.819999999999999929e+01 8.000000000000000444e-01 1.399999999999999911e+00 9.421052631578948899e-01 9.528067479213021551e-01
1.700000000000000000e+01 1.860000000000000142e+01 4.000000000000000222e-01 2.000000000000000000e+00 9.368421052631579204e-01 9.528067479213021551e-01
1.600000000000000000e+01 1.880000000000000071e+01 2.000000000000000111e-01 3.000000000000000000e+00 9.157894736842105976e-01 9.528067479213021551e-01
1.519999999999999929e+01 1.880000000000000071e+01 2.000000000000000111e-01 3.799999999999999822e+00 8.947368421052631637e-01 9.528067479213021551e-01
1.480000000000000071e+01 1.900000000000000000e+01 0.000000000000000000e+00 4.200000000000000178e+00 8.894736842105264163e-01 9.528067479213021551e-01
1.400000000000000000e+01 1.900000000000000000e+01 0.000000000000000000e+00 5.000000000000000000e+00 8.684210526315789824e-01 9.528067479213021551e-01
1.359999999999999964e+01 1.900000000000000000e+01 0.000000000000000000e+00 5.400000000000000355e+00 8.578947368421052655e-01 9.528067479213021551e-01
1.280000000000000071e+01 1.900000000000000000e+01 0.000000000000000000e+00 6.200000000000000178e+00 8.368421052631578316e-01 9.528067479213021551e-01
1.140000000000000036e+01 1.900000000000000000e+01 0.000000000000000000e+00 7.599999999999999645e+00 8.000000000000000444e-01 9.528067479213021551e-01
1.040000000000000036e+01 1.900000000000000000e+01 0.000000000000000000e+00 8.599999999999999645e+00 7.736842105263157521e-01 9.528067479213021551e-01
9.199999999999999289e+00 1.900000000000000000e+01 0.000000000000000000e+00 9.800000000000000711e+00 7.421052631578948233e-01 9.528067479213021551e-01
8.599999999999999645e+00 1.900000000000000000e+01 0.000000000000000000e+00 1.040000000000000036e+01 7.263157894736841369e-01 9.528067479213021551e-01
7.799999999999999822e+00 1.900000000000000000e+01 0.000000000000000000e+00 1.119999999999999929e+01 7.052631578947368141e-01 9.528067479213021551e-01
0.000000000000000000e+00 1.900000000000000000e+01 0.000000000000000000e+00 1.900000000000000000e+01 5.000000000000000000e-01 9.528067479213021551e-01
